# DESCRIPTION: Verilator output: Timestamp data for --skip-identical.  Delete at will.
C "-f socet_riscv_RISCVBusiness_0.1.0.vc -Wno-SYMRSVDWORD -Wno-lint --trace --trace-fst --trace-structs"
T      5326 140637734  1680735519   280132473  1680735519   280132473 "./Vtop_core.cpp"
T      3477 140637733  1680735519   280132473  1680735519   280132473 "./Vtop_core.h"
T      2009 135982082  1680735519   409133517  1680735519   409133517 "./Vtop_core.mk"
T     14522 140637732  1680735519   280132473  1680735519   280132473 "./Vtop_core__ConstPool_0.cpp"
T       684 140637731  1680735519   279132465  1680735519   279132465 "./Vtop_core__Dpi.cpp"
T       530 140637717  1680735519   279132465  1680735519   279132465 "./Vtop_core__Dpi.h"
T      8992 140637715  1680735519   279132465  1680735519   279132465 "./Vtop_core__Syms.cpp"
T      3962 140637716  1680735519   279132465  1680735519   279132465 "./Vtop_core__Syms.h"
T    492210 135982080  1680735519   409133517  1680735519   409133517 "./Vtop_core__Trace__0.cpp"
T    805495 162016806  1680735519   397133420  1680735519   397133420 "./Vtop_core__Trace__0__Slow.cpp"
T      1655 140637735  1680735519   282132489  1680735519   282132489 "./Vtop_core___024root.h"
T      5878 141661227  1680735519   285132514  1680735519   285132514 "./Vtop_core___024root__DepSet_h93b009c4__0.cpp"
T      4538 141661225  1680735519   284132505  1680735519   284132505 "./Vtop_core___024root__DepSet_h93b009c4__0__Slow.cpp"
T      5159 136559188  1680735519   285132514  1680735519   285132514 "./Vtop_core___024root__DepSet_hcf116ceb__0.cpp"
T      6397 141661226  1680735519   284132505  1680735519   284132505 "./Vtop_core___024root__DepSet_hcf116ceb__0__Slow.cpp"
T       695 141661224  1680735519   284132505  1680735519   284132505 "./Vtop_core___024root__Slow.cpp"
T       681 136559171  1680735519   283132497  1680735519   283132497 "./Vtop_core___024unit.h"
T       525 136559195  1680735519   373133226  1680735519   373133226 "./Vtop_core___024unit__DepSet_h07c714ba__0__Slow.cpp"
T       695 136559194  1680735519   373133226  1680735519   373133226 "./Vtop_core___024unit__Slow.cpp"
T      8194 135982083  1680735519   409133517  1680735519   409133517 "./Vtop_core__ver.d"
T         0        0  1680735519   409133517  1680735519   409133517 "./Vtop_core__verFiles.dat"
T       794 136559186  1680735519   284132505  1680735519   284132505 "./Vtop_core_alu_if.h"
T       682 136559226  1680735519   375133242  1680735519   375133242 "./Vtop_core_alu_if__DepSet_h10bc6385__0__Slow.cpp"
T       668 136559225  1680735519   375133242  1680735519   375133242 "./Vtop_core_alu_if__Slow.cpp"
T       773 141535795  1680735519   284132505  1680735519   284132505 "./Vtop_core_branch_res_if.h"
T       615 136559231  1680735519   375133242  1680735519   375133242 "./Vtop_core_branch_res_if__DepSet_he81a53bb__0__Slow.cpp"
T       731 136559230  1680735519   375133242  1680735519   375133242 "./Vtop_core_branch_res_if__Slow.cpp"
T       829 136559177  1680735519   283132497  1680735519   283132497 "./Vtop_core_cache_control_if.h"
T       679 136559207  1680735519   374133234  1680735519   374133234 "./Vtop_core_cache_control_if__DepSet_hc7e9190a__0__Slow.cpp"
T       758 136559206  1680735519   374133234  1680735519   374133234 "./Vtop_core_cache_control_if__Slow.cpp"
T      3815 135982081  1680735519   409133517  1680735519   409133517 "./Vtop_core_classes.mk"
T      1243 136559187  1680735519   284132505  1680735519   284132505 "./Vtop_core_control_unit_if.h"
T      1305 144873994  1680735519   376133250  1680735519   376133250 "./Vtop_core_control_unit_if__DepSet_h00afb341__0__Slow.cpp"
T       749 144060439  1680735519   376133250  1680735519   376133250 "./Vtop_core_control_unit_if__Slow.cpp"
T       957 136559176  1680735519   283132497  1680735519   283132497 "./Vtop_core_generic_bus_if.h"
T       891 136559205  1680735519   374133234  1680735519   374133234 "./Vtop_core_generic_bus_if__DepSet_hde74c0c4__0__Slow.cpp"
T       740 136559204  1680735519   374133234  1680735519   374133234 "./Vtop_core_generic_bus_if__Slow.cpp"
T      1381 136559184  1680735519   284132505  1680735519   284132505 "./Vtop_core_priv_1_12_internal_if.h"
T      1463 136559221  1680735519   375133242  1680735519   375133242 "./Vtop_core_priv_1_12_internal_if__DepSet_h36fc9c0b__0__Slow.cpp"
T       803 136559220  1680735519   375133242  1680735519   375133242 "./Vtop_core_priv_1_12_internal_if__Slow.cpp"
T       824 136559185  1680735519   284132505  1680735519   284132505 "./Vtop_core_priv_ext_if.h"
T       702 136559224  1680735519   375133242  1680735519   375133242 "./Vtop_core_priv_ext_if__DepSet_h9e65bf92__0__Slow.cpp"
T       713 136559222  1680735519   375133242  1680735519   375133242 "./Vtop_core_priv_ext_if__Slow.cpp"
T      1111 136559175  1680735519   283132497  1680735519   283132497 "./Vtop_core_prv_pipeline_if.h"
T      1081 136559203  1680735519   374133234  1680735519   374133234 "./Vtop_core_prv_pipeline_if__DepSet_h9af2bda9__0__Slow.cpp"
T       749 136559202  1680735519   374133234  1680735519   374133234 "./Vtop_core_prv_pipeline_if__Slow.cpp"
T      1777 136559172  1680735519   283132497  1680735519   283132497 "./Vtop_core_risc_mgmt_if.h"
T      2079 136559197  1680735519   374133234  1680735519   374133234 "./Vtop_core_risc_mgmt_if__DepSet_he471ecf8__0__Slow.cpp"
T       722 136559196  1680735519   373133226  1680735519   373133226 "./Vtop_core_risc_mgmt_if__Slow.cpp"
T       748 136559179  1680735519   283132497  1680735519   283132497 "./Vtop_core_rv32c_if.h"
T       598 136559211  1680735519   374133234  1680735519   374133234 "./Vtop_core_rv32c_if__DepSet_h00b238eb__0__Slow.cpp"
T       686 136559210  1680735519   374133234  1680735519   374133234 "./Vtop_core_rv32c_if__Slow.cpp"
T      1002 136559178  1680735519   283132497  1680735519   283132497 "./Vtop_core_sparce_pipeline_if.h"
T       928 136559209  1680735519   374133234  1680735519   374133234 "./Vtop_core_sparce_pipeline_if__DepSet_h19a774a8__0__Slow.cpp"
T       776 136559208  1680735519   374133234  1680735519   374133234 "./Vtop_core_sparce_pipeline_if__Slow.cpp"
T       874 136559180  1680735519   283132497  1680735519   283132497 "./Vtop_core_stage3_fetch_execute_if.h"
T       705 136559213  1680735519   375133242  1680735519   375133242 "./Vtop_core_stage3_fetch_execute_if__DepSet_h2f5bf92f__0__Slow.cpp"
T       821 136559212  1680735519   374133234  1680735519   374133234 "./Vtop_core_stage3_fetch_execute_if__Slow.cpp"
T       875 136559182  1680735519   283132497  1680735519   283132497 "./Vtop_core_stage3_forwarding_unit_if.h"
T       707 136559217  1680735519   375133242  1680735519   375133242 "./Vtop_core_stage3_forwarding_unit_if__DepSet_hd01a79ee__0__Slow.cpp"
T       839 136559216  1680735519   375133242  1680735519   375133242 "./Vtop_core_stage3_forwarding_unit_if__Slow.cpp"
T      1106 136559181  1680735519   283132497  1680735519   283132497 "./Vtop_core_stage3_hazard_unit_if.h"
T      1058 136559215  1680735519   375133242  1680735519   375133242 "./Vtop_core_stage3_hazard_unit_if__DepSet_h82971794__0__Slow.cpp"
T       803 136559214  1680735519   375133242  1680735519   375133242 "./Vtop_core_stage3_hazard_unit_if__Slow.cpp"
T       808 136559183  1680735519   284132505  1680735519   284132505 "./Vtop_core_stage3_mem_pipe_if.h"
T       632 136559219  1680735519   375133242  1680735519   375133242 "./Vtop_core_stage3_mem_pipe_if__DepSet_hb4826813__0__Slow.cpp"
T       776 136559218  1680735519   375133242  1680735519   375133242 "./Vtop_core_stage3_mem_pipe_if__Slow.cpp"
T     29490 136559170  1680735519   283132497  1680735519   283132497 "./Vtop_core_top_core.h"
T   1341345 136559191  1680735519   356133088  1680735519   356133088 "./Vtop_core_top_core__DepSet_h7cd292d3__0.cpp"
T   1500099 141695026  1680735519   316132764  1680735519   316132764 "./Vtop_core_top_core__DepSet_h7cd292d3__0__Slow.cpp"
T    981601 136559192  1680735519   373133226  1680735519   373133226 "./Vtop_core_top_core__DepSet_h7cd292d3__1.cpp"
T    303506 136559189  1680735519   322132813  1680735519   322132813 "./Vtop_core_top_core__DepSet_h7cd292d3__1__Slow.cpp"
T       567 136559193  1680735519   373133226  1680735519   373133226 "./Vtop_core_top_core__DepSet_h9fef01de__0.cpp"
T     30280 136559190  1680735519   323132821  1680735519   323132821 "./Vtop_core_top_core__DepSet_h9fef01de__0__Slow.cpp"
T       686 141695024  1680735519   285132514  1680735519   285132514 "./Vtop_core_top_core__Slow.cpp"
T       862 136559173  1680735519   283132497  1680735519   283132497 "./Vtop_core_tspp_fetch_execute_if.h"
T       693 136559199  1680735519   374133234  1680735519   374133234 "./Vtop_core_tspp_fetch_execute_if__DepSet_hf0f29e8d__0__Slow.cpp"
T       803 136559198  1680735519   374133234  1680735519   374133234 "./Vtop_core_tspp_fetch_execute_if__Slow.cpp"
T      1950 136559174  1680735519   283132497  1680735519   283132497 "./Vtop_core_tspp_hazard_unit_if.h"
T      2318 136559201  1680735519   374133234  1680735519   374133234 "./Vtop_core_tspp_hazard_unit_if__DepSet_h6363566a__0__Slow.cpp"
T       785 136559200  1680735519   374133234  1680735519   374133234 "./Vtop_core_tspp_hazard_unit_if__Slow.cpp"
S  17314824 24122546  1675095586   593493675  1665628298    67753034 "/package/asicfab/verilator/bin/verilator_bin"
S      3782 140637709  1680735518   254124167  1680735518   254124167 "socet_riscv_RISCVBusiness_0.1.0.vc"
S       935 684947542  1680735518   222123908  1680735518   222123908 "src/socet_bus-components_ahb_if_0.0.1/ahb_if.sv"
S       751 753608266  1680735518   223123916  1680735518   223123916 "src/socet_bus-components_apb_if_0.0.1/apb_if.sv"
S      1514 819191851  1680735518   223123916  1680735518   223123916 "src/socet_bus-components_bus_protocol_if_0.0.1/./bus_protocol_if.sv"
S      2180 684947544  1680735518   246124102  1680735518   246124102 "src/socet_riscv_RISCVBusiness_0.1.0/source_code/RV32E/rv32e_reg_file.sv"
S       490 684947545  1680735518   246124102  1680735518   246124102 "src/socet_riscv_RISCVBusiness_0.1.0/source_code/RV32E/rv32e_wrapper.sv"
S      1280 412882433  1680735518   246124102  1680735518   246124102 "src/socet_riscv_RISCVBusiness_0.1.0/source_code/branch_predictors/branch_predictor_wrapper.sv"
S      1095 481283622  1680735518   246124102  1680735518   246124102 "src/socet_riscv_RISCVBusiness_0.1.0/source_code/branch_predictors/nottaken_predictor/nottaken_predictor.sv"
S      2071 614652960  1680735518   246124102  1680735518   246124102 "src/socet_riscv_RISCVBusiness_0.1.0/source_code/bus_bridges/generic_nonpipeline.sv"
S      1190 819191854  1680735518   246124102  1680735518   246124102 "src/socet_riscv_RISCVBusiness_0.1.0/source_code/sparce/sparce_disabled/sparce_disabled.sv"
S      4344 543803425  1680735518   246124102  1680735518   246124102 "src/socet_riscv_RISCVBusiness_0.1.0/source_code/trackers/branch_tracker.sv"
S     10462 543803429  1680735518   246124102  1680735518   246124102 "src/socet_riscv_RISCVBusiness_0.1.0/source_code/trackers/cpu_tracker.sv"
S      1361 1492764740  1680735518   241124062  1680735518   241124062 "src/socet_riscv_caches_0.1.0/caches_wrapper.sv"
S     17964 77316132  1680735518   241124062  1680735518   241124062 "src/socet_riscv_caches_0.1.0/direct_mapped_tpf/direct_mapped_tpf_cache.sv"
S     15823  5195860  1680735518   241124062  1680735518   241124062 "src/socet_riscv_caches_0.1.0/l1/l1_cache.sv"
S      1409 1551335950  1680735518   241124062  1680735518   241124062 "src/socet_riscv_caches_0.1.0/pass_through/pass_through_cache.sv"
S      4088 1492764741  1680735518   241124062  1680735518   241124062 "src/socet_riscv_caches_0.1.0/separate_caches.sv"
S      1741 136559169  1680735518   241124062  1680735518   241124062 "src/socet_riscv_caches_0.1.0/sram/sram.sv"
S      1228 884576307  1680735518   225123932  1680735518   225123932 "src/socet_riscv_packages_0.1.0/alu_types_pkg.sv"
S     14788 884576309  1680735518   225123932  1680735518   225123932 "src/socet_riscv_packages_0.1.0/machine_mode_types_1_12_pkg.sv"
S      2135 884576310  1680735518   225123932  1680735518   225123932 "src/socet_riscv_packages_0.1.0/pma_types_1_12_pkg.sv"
S      4162 884576311  1680735518   225123932  1680735518   225123932 "src/socet_riscv_packages_0.1.0/pmp_types_1_12_pkg.sv"
S      5471 884576308  1680735518   225123932  1680735518   225123932 "src/socet_riscv_packages_0.1.0/rv32i_types_pkg.sv"
S      1749 884576312  1680735518   225123932  1680735518   225123932 "src/socet_riscv_packages_0.1.0/rv32m_pkg.sv"
S      6312 1013383726  1680735518   227123948  1680735518   227123948 "src/socet_riscv_priv_0.1.0/priv_1_12/priv_1_12_block.sv"
S     16158 1013275687  1680735518   227123948  1680735518   227123948 "src/socet_riscv_priv_0.1.0/priv_1_12/priv_1_12_csr.sv"
S      7496 1013383724  1680735518   227123948  1680735518   227123948 "src/socet_riscv_priv_0.1.0/priv_1_12/priv_1_12_int_ex_handler.sv"
S      1702 1013275692  1680735518   227123948  1680735518   227123948 "src/socet_riscv_priv_0.1.0/priv_1_12/priv_1_12_mode.sv"
S      1819 1013275688  1680735518   227123948  1680735518   227123948 "src/socet_riscv_priv_0.1.0/priv_1_12/priv_1_12_pipe_control.sv"
S      5193 1013275689  1680735518   227123948  1680735518   227123948 "src/socet_riscv_priv_0.1.0/priv_1_12/priv_1_12_pma.sv"
S      9877 1013275690  1680735518   227123948  1680735518   227123948 "src/socet_riscv_priv_0.1.0/priv_1_12/priv_1_12_pmp.sv"
S      4977 1013275691  1680735518   227123948  1680735518   227123948 "src/socet_riscv_priv_0.1.0/priv_1_12/priv_1_12_pmp_matcher.sv"
S      1092 949562443  1680735518   227123948  1680735518   227123948 "src/socet_riscv_priv_0.1.0/priv_wrapper.sv"
S      1081 1081705989  1680735518   232123989  1680735518   232123989 "src/socet_riscv_riscv_include_0.1.0/alu_if.vh"
S      1206 1081705990  1680735518   232123989  1680735518   232123989 "src/socet_riscv_riscv_include_0.1.0/branch_res_if.vh"
S      1834 1081699382  1680735518   231123981  1680735518   231123981 "src/socet_riscv_riscv_include_0.1.0/cache_control_if.vh"
S       898 1081699383  1680735518   231123981  1680735518   231123981 "src/socet_riscv_riscv_include_0.1.0/component_selection_defines.vh"
S      2143 1081513496  1680735518   232123989  1680735518   232123989 "src/socet_riscv_riscv_include_0.1.0/control_unit_if.vh"
S       521 1081705991  1680735518   232123989  1680735518   232123989 "src/socet_riscv_riscv_include_0.1.0/core_interrupt_if.vh"
S       410 1081705992  1680735518   233123997  1680735518   233123997 "src/socet_riscv_riscv_include_0.1.0/decompressor_if.vh"
S       500 1081705993  1680735518   233123997  1680735518   233123997 "src/socet_riscv_riscv_include_0.1.0/fetch_buffer_if.vh"
S      1257 1081699385  1680735518   231123981  1680735518   231123981 "src/socet_riscv_riscv_include_0.1.0/generic_bus_if.vh"
S      1087 1081513499  1680735518   232123989  1680735518   232123989 "src/socet_riscv_riscv_include_0.1.0/jump_calc_if.vh"
S      1454 1081705988  1680735518   232123989  1680735518   232123989 "src/socet_riscv_riscv_include_0.1.0/predictor_pipeline_if.vh"
S      5561 1081705984  1680735518   232123989  1680735518   232123989 "src/socet_riscv_riscv_include_0.1.0/priv_1_12_internal_if.vh"
S      1857 1081705985  1680735518   232123989  1680735518   232123989 "src/socet_riscv_riscv_include_0.1.0/priv_ext_if.vh"
S      2932 1081705986  1680735518   232123989  1680735518   232123989 "src/socet_riscv_riscv_include_0.1.0/prv_pipeline_if.vh"
S      3086 1081699384  1680735518   231123981  1680735518   231123981 "src/socet_riscv_riscv_include_0.1.0/risc_mgmt_if.vh"
S       853 1081699386  1680735518   231123981  1680735518   231123981 "src/socet_riscv_riscv_include_0.1.0/rv32c_if.vh"
S      1207 1081705987  1680735518   232123989  1680735518   232123989 "src/socet_riscv_riscv_include_0.1.0/rv32i_reg_file_if.vh"
S      1914 1081705994  1680735518   233123997  1680735518   233123997 "src/socet_riscv_riscv_include_0.1.0/sparce_pipeline_if.vh"
S      1200 1081699391  1680735518   231123981  1680735518   231123981 "src/socet_riscv_riscv_include_0.1.0/tspp_fetch_execute_if.vh"
S      2319 1075954698  1680735518   232123989  1680735518   232123989 "src/socet_riscv_riscv_include_0.1.0/tspp_hazard_unit_if.vh"
S      6072 1141420129  1680735518   235124013  1680735518   235124013 "src/socet_riscv_riscv_standard_0.1.0/RISCVBusiness.sv"
S      2938 1141420121  1680735518   234124005  1680735518   234124005 "src/socet_riscv_riscv_standard_0.1.0/alu.sv"
S      2677 1141420122  1680735518   235124013  1680735518   235124013 "src/socet_riscv_riscv_standard_0.1.0/branch_res.sv"
S     10671 1141420126  1680735518   235124013  1680735518   235124013 "src/socet_riscv_riscv_standard_0.1.0/control_unit.sv"
S      3809 1141420123  1680735518   235124013  1680735518   235124013 "src/socet_riscv_riscv_standard_0.1.0/dmem_extender.sv"
S      1256 1141420124  1680735518   235124013  1680735518   235124013 "src/socet_riscv_riscv_standard_0.1.0/endian_swapper.sv"
S      1114 1141420127  1680735518   235124013  1680735518   235124013 "src/socet_riscv_riscv_standard_0.1.0/jump_calc.sv"
S      8901 1141420125  1680735518   235124013  1680735518   235124013 "src/socet_riscv_riscv_standard_0.1.0/memory_controller.sv"
S      1382 1141420128  1680735518   235124013  1680735518   235124013 "src/socet_riscv_riscv_standard_0.1.0/rv32i_reg_file.sv"
S      2581 1141420130  1680735518   235124013  1680735518   235124013 "src/socet_riscv_riscv_standard_0.1.0/top_core.sv"
S     12662 1213304837  1680735518   236124021  1680735518   236124021 "src/socet_riscv_rv32c_0.1.0/decompressor.sv"
S      5298 1216284170  1680735518   236124021  1680735518   236124021 "src/socet_riscv_rv32c_0.1.0/fetch_buffer.sv"
S       446 1213304858  1680735518   236124021  1680735518   236124021 "src/socet_riscv_rv32c_0.1.0/rv32c_disabled.sv"
S      1266 1213304861  1680735518   236124021  1680735518   236124021 "src/socet_riscv_rv32c_0.1.0/rv32c_enabled.sv"
S       496 1216284171  1680735518   237124029  1680735518   237124029 "src/socet_riscv_rv32c_0.1.0/rv32c_wrapper.sv"
S       628 242363400  1680735518   243124078  1680735518   243124078 "src/socet_riscv_rv32m_0.1.0/carry_save_adder.sv"
S      1083 242363402  1680735518   243124078  1680735518   243124078 "src/socet_riscv_rv32m_0.1.0/flex_counter_mul.sv"
S       222 242363401  1680735518   243124078  1680735518   243124078 "src/socet_riscv_rv32m_0.1.0/full_adder.sv"
S      9663 242363403  1680735518   243124078  1680735518   243124078 "src/socet_riscv_rv32m_0.1.0/pp_mul32.sv"
S      4989 242363404  1680735518   243124078  1680735518   243124078 "src/socet_riscv_rv32m_0.1.0/radix4_divider.sv"
S      1278 242363405  1680735518   243124078  1680735518   243124078 "src/socet_riscv_rv32m_0.1.0/rv32m_decode.sv"
S       304 242363406  1680735518   243124078  1680735518   243124078 "src/socet_riscv_rv32m_0.1.0/rv32m_disabled.sv"
S      8000 242363407  1680735518   243124078  1680735518   243124078 "src/socet_riscv_rv32m_0.1.0/rv32m_enabled.sv"
S       592 242363408  1680735518   243124078  1680735518   243124078 "src/socet_riscv_rv32m_0.1.0/rv32m_wrapper.sv"
S      1183 1418660401  1680735518   239124045  1680735518   239124045 "src/socet_riscv_stage3_0.1.0/include/stage3_fetch_execute_if.vh"
S       610 1411853931  1680735518   239124045  1680735518   239124045 "src/socet_riscv_stage3_0.1.0/include/stage3_forwarding_unit_if.vh"
S      3258 1411853924  1680735518   239124045  1680735518   239124045 "src/socet_riscv_stage3_0.1.0/include/stage3_hazard_unit_if.vh"
S       614 1418660405  1680735518   239124045  1680735518   239124045 "src/socet_riscv_stage3_0.1.0/include/stage3_mem_pipe_if.vh"
S      1995 1343312442  1680735518   239124045  1680735518   239124045 "src/socet_riscv_stage3_0.1.0/source/stage3.sv"
S     12933 1343312438  1680735518   239124045  1680735518   239124045 "src/socet_riscv_stage3_0.1.0/source/stage3_execute_stage.sv"
S      5862 1343312437  1680735518   239124045  1680735518   239124045 "src/socet_riscv_stage3_0.1.0/source/stage3_fetch_stage.sv"
S       415 1343312441  1680735518   239124045  1680735518   239124045 "src/socet_riscv_stage3_0.1.0/source/stage3_forwarding_unit.sv"
S      9592 1343312440  1680735518   239124045  1680735518   239124045 "src/socet_riscv_stage3_0.1.0/source/stage3_hazard_unit.sv"
S      9838 1343312439  1680735518   239124045  1680735518   239124045 "src/socet_riscv_stage3_0.1.0/source/stage3_mem_stage.sv"
S      1795 1343312436  1680735518   238124037  1680735518   238124037 "src/socet_riscv_stage3_0.1.0/source/stage3_types_pkg.sv"
